volume:1175.514052
mass:1.000000
com:0.017716,2.636880,-1.120441
Itensor:41.751513,1.216849,-0.800864,1.216849,23.178576,-5.233132,-0.800864,-5.233132,50.394105